0 : 0 : 0
19 : 1 : 0
15 : 1 : 0
18 : 2 : 0
17 : 2 : 0
11 : 2 : 0
8 : 2 : 0
14 : 3 : 0
13 : 3 : 0
12 : 3 : 0
10 : 3 : 0
9 : 3 : 0
7 : 3 : 0
2 : 3 : 0
16 : 4 : 0
3 : 4 : 0
1 : 4 : 0
6 : 6 : 0
5 : 6 : 0

0 0 0 1 0 0 0 0 0 1 0 0 0 0 0 1 1 0 0 
0 0 0 1 1 1 0 0 0 0 0 0 0 0 0 0 0 0 0 
0 0 0 1 0 1 0 0 1 0 0 1 0 0 0 0 0 0 0 
1 1 1 0 0 0 0 1 1 1 1 0 0 0 1 1 0 0 0 
0 1 0 0 0 1 1 0 0 0 0 0 1 1 0 0 0 1 0 
0 1 1 0 1 0 0 0 0 0 0 1 0 1 0 0 0 0 1 
0 0 0 0 1 0 0 0 0 0 0 0 1 0 0 0 0 1 0 
0 0 0 1 0 0 0 0 0 0 1 0 0 0 0 0 0 0 0 
0 0 1 1 0 0 0 0 0 0 0 1 0 0 0 0 0 0 0 
1 0 0 1 0 0 0 0 0 0 0 0 0 0 0 1 0 0 0 
0 0 0 1 0 0 0 1 0 0 0 0 0 0 0 0 0 0 0 
0 0 1 0 0 1 0 0 1 0 0 0 0 0 0 0 0 0 0 
0 0 0 0 1 0 1 0 0 0 0 0 0 1 0 0 0 0 0 
0 0 0 0 1 1 0 0 0 0 0 0 1 0 0 0 0 0 0 
0 0 0 1 0 0 0 0 0 0 0 0 0 0 0 0 0 0 0 
1 0 0 1 0 0 0 0 0 1 0 0 0 0 0 0 1 0 0 
1 0 0 0 0 0 0 0 0 0 0 0 0 0 0 1 0 0 0 
0 0 0 0 1 0 1 0 0 0 0 0 0 0 0 0 0 0 0 
0 0 0 0 0 1 0 0 0 0 0 0 0 0 0 0 0 0 0 

Number of colors used is: 4
0 : 0 : 0
19 : 1 : 1
15 : 1 : 1
18 : 2 : 1
17 : 2 : 1
11 : 2 : 1
8 : 2 : 2
14 : 3 : 1
13 : 3 : 2
12 : 3 : 1
10 : 3 : 1
9 : 3 : 2
7 : 3 : 3
2 : 3 : 1
16 : 4 : 2
3 : 4 : 3
1 : 4 : 3
6 : 6 : 2
5 : 6 : 4

3 0 0 1 0 0 0 0 0 1 0 0 0 0 0 1 1 0 0 
0 1 0 1 1 1 0 0 0 0 0 0 0 0 0 0 0 0 0 
0 0 3 1 0 1 0 0 1 0 0 1 0 0 0 0 0 0 0 
1 1 1 4 0 0 0 1 1 1 1 0 0 0 1 1 0 0 0 
0 1 0 0 4 1 1 0 0 0 0 0 1 1 0 0 0 1 0 
0 1 1 0 1 2 0 0 0 0 0 1 0 1 0 0 0 0 1 
0 0 0 0 1 0 3 0 0 0 0 0 1 0 0 0 0 1 0 
0 0 0 1 0 0 0 2 0 0 1 0 0 0 0 0 0 0 0 
0 0 1 1 0 0 0 0 2 0 0 1 0 0 0 0 0 0 0 
1 0 0 1 0 0 0 0 0 1 0 0 0 0 0 1 0 0 0 
0 0 0 1 0 0 0 1 0 0 1 0 0 0 0 0 0 0 0 
0 0 1 0 0 1 0 0 1 0 0 1 0 0 0 0 0 0 0 
0 0 0 0 1 0 1 0 0 0 0 0 2 1 0 0 0 0 0 
0 0 0 0 1 1 0 0 0 0 0 0 1 1 0 0 0 0 0 
0 0 0 1 0 0 0 0 0 0 0 0 0 0 1 0 0 0 0 
1 0 0 1 0 0 0 0 0 1 0 0 0 0 0 2 1 0 0 
1 0 0 0 0 0 0 0 0 0 0 0 0 0 0 1 1 0 0 
0 0 0 0 1 0 1 0 0 0 0 0 0 0 0 0 0 1 0 
0 0 0 0 0 1 0 0 0 0 0 0 0 0 0 0 0 0 1 

